Original DataFrame:
     ord_no  purch_amt    ord_date  customer_id  salesman_id
0   70001.0     150.50  2012-10-05         3002       5002.0
1       NaN     270.65  2012-09-10         3001       5005.0
2   70002.0      65.26         NaN         3001       5001.0
3   70004.0     110.50  2012-08-17         3009          NaN
4       NaN     948.50         NaN         3005       5002.0
5   70005.0    2400.60  2012-07-27         3007       5001.0
6       NaN    5760.00  2012-09-10         3002       5001.0
7   70010.0        NaN  2012-10-10         3004          NaN
8   70003.0    2480.40  2012-10-10         3009       5003.0
9   70012.0     250.45  2012-06-27         3008       5002.0
10      NaN      75.29  2012-08-17         3003       5007.0
11  70013.0    3045.60  2012-04-25         3002       5001.0

Rows with at least 2 NaN values:
    ord_no  purch_amt    ord_date  customer_id  salesman_id
4      NaN      948.5         NaN         3005       5002.0
7  70010.0        NaN  2012-10-10         3004          NaN
