Original DataFrame with NaN values:
          A         B         C         D
0  0.496714       NaN  0.647689  1.523030
1 -0.234153 -0.234137  1.579213  0.767435
2 -0.469474  0.542560 -0.463418       NaN
3  0.241962 -1.913280 -1.724918 -0.562288
4 -1.012831  0.314247 -0.908024 -1.412304
5       NaN -0.225776  0.067528 -1.424748
6 -0.544383  0.110923 -1.150994  0.375698
7 -0.600639 -0.291694 -0.601707  1.852278
8 -0.013497 -1.057711       NaN -1.220844
9  0.208864 -1.959670 -1.328186  0.196861

DataFrame Styled with Highlighted NaN values (HTML Styler Object):
<pandas.io.formats.style.Styler object at 0x7fb2154eaba0>
