Original DataFrame with uninformative missing/placeholder values:
   ord_no purch_amt    ord_date  customer_id  salesman_id
0   70001     150.5  2012-10-05         3002       5002.0
1     NaN    270.65  2012-09-10         3001       5005.0
2   70002     65.26         NaN         3001       5001.0
3   70004     110.5  2012-08-17         3009          NaN
4     NaN     948.5  2012-09-10         3005       5002.0
5   70005    2400.6  2012-07-27         3007       5001.0
6      --      5760  2012-09-10         3002       5001.0
7   70010         ?  2012-10-10         3004          NaN
8   70003    2480.4  2012-10-10         3009       5003.0
9   70012    250.45  2012-06-27         3008       5002.0
10    NaN     75.29  2012-08-17         3003       5007.0
11  70013    3045.6  2012-04-25         3002       5001.0

DataFrame after replacing placeholder strings with NaN:
   ord_no purch_amt    ord_date  customer_id  salesman_id
0   70001     150.5  2012-10-05         3002       5002.0
1     NaN    270.65  2012-09-10         3001       5005.0
2   70002     65.26         NaN         3001       5001.0
3   70004     110.5  2012-08-17         3009          NaN
4     NaN     948.5  2012-09-10         3005       5002.0
5   70005    2400.6  2012-07-27         3007       5001.0
6     NaN      5760  2012-09-10         3002       5001.0
7   70010       NaN  2012-10-10         3004          NaN
8   70003    2480.4  2012-10-10         3009       5003.0
9   70012    250.45  2012-06-27         3008       5002.0
10    NaN     75.29  2012-08-17         3003       5007.0
11  70013    3045.6  2012-04-25         3002       5001.0

DataFrame after replacing missing values with 0:
   ord_no purch_amt    ord_date  customer_id  salesman_id
0   70001     150.5  2012-10-05         3002       5002.0
1       0    270.65  2012-09-10         3001       5005.0
2   70002     65.26           0         3001       5001.0
3   70004     110.5  2012-08-17         3009          0.0
4       0     948.5  2012-09-10         3005       5002.0
5   70005    2400.6  2012-07-27         3007       5001.0
6       0      5760  2012-09-10         3002       5001.0
7   70010         0  2012-10-10         3004          0.0
8   70003    2480.4  2012-10-10         3009       5003.0
9   70012    250.45  2012-06-27         3008       5002.0
10      0     75.29  2012-08-17         3003       5007.0
11  70013    3045.6  2012-04-25         3002       5001.0
